4294967279,134
14,4
17,11
17,0
17,10
17,9
4294967279,310
4294967279,88
17,8
17,7
17,6
17,1
17,5
17,2
4294967279,133
17,4
4294967278,42
4294967279,8
4294967294,11
4294967294,18
4294967294,20
4294967294,2
4294967294,1
4294967294,166
4294967294,24
4294967294,175
4294967294,176
4294967294,12
4294967294,104
4294967294,160
4294967294,119
4294967294,168
4294967294,162
4294967294,974
4294967294,17
4294967294,42
4294967294,67
4294967294,99
4294967294,76
4294967294,120
4294967294,451
4294967294,25
4294967294,26
4294967294,422
4294967294,82
4294967294,991
4294967294,83
0,5
4294967278,274
4294967279,309
4294967279,0
4294967294,6
4294967293,131
4294967293,130
4294967293,129
4294967293,128
4294967293,127
4294967293,126
4294967293,125
4294967293,124
4294967293,123
4294967293,122
4294967293,121
4294967293,120
4294967293,119
4294967293,118
4294967293,117
4294967293,116
4294967293,115
4294967293,114
4294967293,113
4294967293,112
4294967293,111
4294967293,110
4294967293,109
4294967293,108
4294967293,107
4294967293,106
4294967293,105
4294967293,104
4294967293,103
4294967293,102
4294967293,101
4294967293,100
4294967293,99
4294967293,98
4294967293,97
4294967293,96
4294967293,95
4294967293,94
4294967293,93
4294967293,92
4294967293,91
4294967293,90
4294967293,89
4294967293,87
4294967293,86
4294967293,85
4294967293,84
4294967293,83
4294967293,82
4294967293,81
4294967293,80
4294967293,79
4294967293,78
4294967293,77
4294967293,76
4294967293,75
4294967293,74
4294967293,73
4294967293,72
4294967293,71
4294967293,70
4294967293,69
4294967293,68
4294967293,67
4294967293,66
4294967293,65
4294967293,64
4294967293,63
4294967293,62
4294967293,61
4294967293,60
4294967293,59
4294967293,58
4294967293,57
4294967293,56
4294967293,55
4294967293,54
4294967293,53
4294967293,52
4294967293,51
4294967293,50
4294967293,49
4294967293,48
4294967293,47
4294967293,46
4294967293,45
4294967293,44
4294967293,43
4294967293,42
4294967293,41
4294967293,40
4294967293,39
4294967293,38
4294967293,37
4294967293,36
4294967293,35
4294967293,34
4294967293,33
4294967293,32
4294967293,31
4294967293,30
4294967293,29
4294967293,28
4294967293,27
4294967293,26
4294967293,25
4294967293,24
4294967293,23
4294967293,22
4294967293,21
4294967293,20
4294967293,19
4294967293,18
4294967293,17
4294967293,16
4294967293,15
4294967293,14
4294967293,13
4294967293,12
4294967293,11
4294967293,10
4294967293,9
4294967293,8
4294967293,7
4294967293,6
4294967293,5
4294967293,4
4294967293,3
4294967278,7
4294967278,6
4294967278,5
4294967278,277
4294967279,283
4294967279,282
4294967279,121
4294967279,115
4294967279,114
4294967279,113
4294967279,111
4294967279,109
4294967279,107
4294967279,105
4294967279,104
4294967279,103
4294967279,102
4294967279,101
4294967279,100
4294967279,99
4294967279,98
4294967279,97
4294967279,96
4294967279,95
4294967279,94
4294967279,93
4294967279,92
4294967279,91
4294967279,90
4294967279,89
4294967279,87
4294967279,86
4294967279,85
4294967279,84
4294967279,83
4294967279,82
4294967279,81
4294967279,80
4294967279,79
4294967279,78
4294967279,77
4294967279,76
4294967279,75
4294967279,74
4294967279,73
4294967279,72
4294967279,71
4294967279,70
4294967279,69
4294967279,68
4294967279,67
4294967279,66
4294967279,65
4294967279,64
4294967279,63
4294967279,62
4294967279,61
4294967279,60
4294967279,59
4294967279,58
4294967279,57
4294967279,56
4294967279,55
4294967279,54
4294967279,53
4294967279,52
4294967279,51
4294967279,50
4294967279,49
4294967279,48
4294967279,47
4294967279,46
4294967279,45
4294967279,44
4294967279,43
4294967279,42
4294967279,41
4294967279,40
4294967279,39
4294967279,38
4294967279,37
4294967279,36
4294967279,35
4294967279,34
4294967279,33
4294967279,32
4294967279,31
4294967279,30
4294967279,29
4294967279,28
4294967279,27
4294967279,26
4294967279,25
4294967279,24
4294967279,23
4294967278,301
4294967278,273
4294967279,308
4294967279,307
4294967278,267
4294967294,5
31,13
4294967278,300
31,12
31,11
31,10
31,9
31,5
31,8
4294967278,299
31,7
31,6
4294967278,265
4294967294,182
4294967294,1026
4294967294,438
4294967294,972
4294967294,976
4294967278,264
31,4
4294967278,263
31,3
31,2
31,1
30,10
30,9
30,8
30,7
30,6
30,5
4294967279,263
4294967279,262
4294967278,258
30,4
4294967278,257
30,3
30,2
30,1
4294967279,259
4294967278,4
29,35
29,34
29,33
29,32
29,20
29,31
4294967279,306
29,30
29,29
29,28
29,14
29,27
29,26
29,25
29,24
29,23
4294967279,305
29,22
29,21
29,15
29,19
29,18
29,17
29,16
29,5
4294967279,304
4294967279,174
29,13
29,12
29,11
29,10
29,9
29,8
29,7
29,6
4294967279,258
4294967279,303
4294967279,132
4294967279,302
4294967279,131
29,4
4294967279,301
4294967279,130
29,3
29,2
29,1
4294967279,300
4294967294,9
4294967279,129
4294967294,127
4294967294,14
4294967294,126
4294967294,13
4294967279,128
4294967279,256
4294967279,127
27,9
27,0
27,8
27,7
4294967279,255
4294967279,126
26,142
26,141
26,109
26,100
26,108
26,107
26,105
26,106
26,99
26,140
4294967278,298
